<?php
    /*
    2 4 6 8 10 12 14 16 18 20
    3 6 9 12 15 18 21 24 27 30
    4 8 12 16 20 24 28 32 36 40
    5 10 15 20 25 30 35 40 45 50
    6 12 18 24 30 36 42 48 54 60
    7 14 21 28 35 42 49 56 63 70
    8 16 24 32 40 48 56 64 72 80
    9 18 27 36 45 54 63 72 81 90
    */
    $total = 0;
    $output = '';
    for($i=2;$i<10;$i++){
        for($j=1;$j<=10;$j++){
            $total = $i * $j;
            $output .= "$total ";
        }
        $output .= PHP_EOL;
    }
    echo $output;
?>